17254488
27177194
27182667
27336584
30156443
32124769
34318080
40342087
40531413
41003498
41003711
41004351
41011946
41011947
41013432
41022369
41024625
41025299
41025416
41051917
41053084
41053422
41057901
41060222
41068112
41068501
41074030
41074178
41084084
41086065
41091622
41093932
41095199
41097408
41105340
41115275
41115327
41121866
41126201
41131703
41131797
41132991
41135161
41150103
41159510
41169803
41169804
41178990
41186931
41202709
41216421
41227162
41232344
41236238
41240896
41241789
41246832
41246945
41261341
50238779
50338196
55757278
55757626
55758606